memoryZipfErrorExpr 0.9
Ours 0.0121934 0.00762873 0.013107
Cuckoo 0 0 0
Coco 0.264438 0.640612 6.35809
USS 3.13346 13.5004 331.915
Elastic 0.269101 1.63852 23.7364
memoryZipfErrorExpr 0.93
Ours 0.0276897 0.0187459 0.0297122
Cuckoo 5.56214e-06 7.14779e-05 0.00116999
Coco 0.259818 0.755086 7.52697
USS 3.72439 13.8784 353.807
Elastic 0.279526 1.74814 25.3687
memoryZipfErrorExpr 0.96
Ours 0.0572401 0.042476 0.069576
Cuckoo 0.000909552 0.0100682 0.209107
Coco 0.379632 0.883815 8.95658
USS 5.01776 14.2296 375.627
Elastic 0.297396 1.85693 27.1375
memoryZipfErrorExpr 0.99
Ours 0.0885361 0.0862848 0.161654
Cuckoo 0.0155927 0.160396 3.37363
Coco 0.350395 1.02111 10.4557
USS 3.80362 14.5906 399.09
Elastic 0.328076 1.95496 28.5664
memoryZipfErrorExpr 1.02
Ours 0.135726 0.148158 0.318477
Cuckoo 0.0545147 0.460841 9.67278
Coco 0.390664 1.17219 12.1046
USS 4.2642 14.8815 419.47
Elastic 0.328027 2.06617 30.398
memoryZipfErrorExpr 1.05
Ours 0.18106 0.23247 0.576455
Cuckoo 0.0911365 0.792542 16.5635
Coco 0.685297 1.33959 14.0969
USS 3.67731 15.2004 443.135
Elastic 0.367054 2.17848 32.0557
memoryZipfErrorExpr 1.08
Ours 0.248788 0.342543 0.980417
Cuckoo 0.140637 1.12531 23.3166
Coco 0.734026 1.51446 16.2181
USS 3.32712 15.511 466.389
Elastic 0.384162 2.28814 33.8587
memoryZipfErrorExpr 1.11
Ours 0.329995 0.467541 1.51039
Cuckoo 0.207946 1.46187 30.3972
Coco 0.547427 1.70245 18.536
USS 4.86314 15.7734 488.563
Elastic 0.37038 2.38754 35.3074
memoryZipfErrorExpr 1.14
Ours 0.363237 0.611608 2.20378
Cuckoo 0.241661 1.77985 36.787
Coco 0.583186 1.89438 21.0533
USS 4.11602 16.0491 512.075
Elastic 0.394388 2.49458 36.9708
memoryZipfErrorExpr 1.17
Ours 0.410872 0.772395 3.06379
Cuckoo 0.248963 2.0795 42.8102
Coco 0.889575 2.10787 23.8032
USS 3.72865 16.2717 533.32
Elastic 0.461602 2.60184 38.7045
memoryZipfErrorExpr 1.2
Ours 0.521236 0.949344 4.13473
Cuckoo 0.327052 2.38506 49.3298
Coco 0.735373 2.31603 26.5665
USS 3.94813 16.5298 557.08
Elastic 0.480438 2.7062 40.3286
memoryZipfTopKExpr 1
Ours 0 0 0 1
Cuckoo 0.0177119 1.35899 103.226 0.983
Coco 0.0065235 0.502742 17.0604 0.999
USS 0.22099 17.7183 850.317 0.91
Elastic 0.0210882 1.65965 116.282 0.986
memoryZipfTopKExpr 1.4
Ours 0.000326087 0.0264911 0.125158 1
Cuckoo 0.338139 27.5804 2160.78 0.772
Coco 0.0291417 2.31447 101.502 0.991
USS 0.366468 29.7764 1755.01 0.833
Elastic 0.0452163 3.60957 257.509 0.973
memoryZipfTopKExpr 1.8
Ours 0.00119862 0.096449 1.00157 1
Cuckoo 0.513542 41.824 3291.17 0.659
Coco 0.0666389 5.31861 217.176 0.979
USS 0.548056 43.7616 2778.13 0.733
Elastic 0.0645544 4.98256 343.649 0.954
memoryZipfTopKExpr 2.2
Ours 0.00475703 0.377465 5.8841 1
Cuckoo 0.638565 51.8811 4086.16 0.549
Coco 0.107373 8.64888 389.354 0.96
USS 0.744237 59.5936 4181.75 0.627
Elastic 0.0853219 6.85088 504.632 0.936
memoryZipfTopKExpr 2.6
Ours 0.00985459 0.768721 20.5663 0.999
Cuckoo 0.698001 56.7387 4495.1 0.487
Coco 0.162331 13.0263 664.129 0.926
USS 0.897508 71.969 5669.28 0.58
Elastic 0.110505 8.79906 639.157 0.919
memoryZipfTopKExpr 3
Ours 0.0159569 1.22038 41.2275 0.996
Cuckoo 0.744614 60.7101 4855.33 0.426
Coco 0.191615 15.3741 765.017 0.923
USS 1.03844 83.4492 7392.42 0.493
Elastic 0.135739 10.9186 820.867 0.893
memoryZipfTopKExpr 3.4
Ours 0.0221551 1.71814 62.925 0.997
Cuckoo 0.770508 62.7167 5023.05 0.408
Coco 0.229198 18.3956 941.425 0.903
USS 1.12308 90.5795 8656.64 0.428
Elastic 0.154248 12.2797 903.753 0.88
memoryZipfTopKExpr 3.8
Ours 0.0375437 2.91103 116.184 0.988
Cuckoo 0.786558 63.8807 5104.65 0.358
Coco 0.30511 24.5335 1394.76 0.858
USS 1.23784 99.7232 10790.8 0.406
Elastic 0.16806 13.2821 978.333 0.864
memoryZipfTopKExpr 4.2
Ours 0.0556826 4.31385 180.172 0.983
Cuckoo 0.825661 67.1899 5405.27 0.319
Coco 0.345717 27.6701 1575.48 0.845
USS 1.2902 104.197 12086.1 0.355
Elastic 0.183517 14.5621 1071.29 0.858
memoryZipfTopKExpr 4.6
Ours 0.0791245 6.14437 281.848 0.968
Cuckoo 0.837704 68.1978 5512.88 0.296
Coco 0.386896 30.882 1830.53 0.808
USS 1.33458 107.81 13358.5 0.321
Elastic 0.204201 16.3383 1223.43 0.832
memoryZipfTopKExpr 5
Ours 0.127834 9.92826 521.051 0.945
Cuckoo 0.864407 70.2641 5680.36 0.267
Coco 0.475784 38.0351 2393.84 0.77
USS 1.42049 114.851 15867.3 0.321
Elastic 0.198868 15.845 1191.78 0.833
memoryZipfSubsetExpr 0.9
Ours 0.0016691 0.0722397 0.126384
Cuckoo 0 0 0
Coco 0.133721 4.87962 65.3687
USS 1.28212 46.1501 3399.28
Elastic 0.319571 12.8045 326.323
memoryZipfSubsetExpr 0.93
Ours 0.00660516 0.17922 0.307351
Cuckoo 0 0 0
Coco 0.154918 5.48473 74.4601
USS 1.29317 48.0458 3652.36
Elastic 0.309516 13.4211 355.874
memoryZipfSubsetExpr 0.96
Ours 0.0126012 0.382331 0.692344
Cuckoo 0.0020918 0.107816 2.21458
Coco 0.184216 6.22336 89.3397
USS 1.59383 48.7683 3754.48
Elastic 0.353911 14.2839 389.482
memoryZipfSubsetExpr 0.99
Ours 0.0243779 0.735932 1.70236
Cuckoo 0.0396454 1.62233 36.7912
Coco 0.200011 6.85477 103.072
USS 1.64721 50.3928 4038.68
Elastic 0.391688 14.9069 417.164
memoryZipfSubsetExpr 1.02
Ours 0.0384771 1.14189 3.19385
Cuckoo 0.102187 4.53338 110.685
Coco 0.232795 7.5779 120.609
USS 1.77941 51.1603 4148.6
Elastic 0.406583 15.537 442.289
memoryZipfSubsetExpr 1.05
Ours 0.0533532 1.66036 5.78883
Cuckoo 0.198643 7.40709 203.393
Coco 0.274881 8.40734 139.206
USS 1.55798 52.6566 4369.63
Elastic 0.41852 16.3657 488.231
memoryZipfSubsetExpr 1.08
Ours 0.0693214 2.24436 9.80896
Cuckoo 0.26305 10.0961 292.471
Coco 0.303237 9.14593 161.443
USS 1.5485 54.0606 4638.03
Elastic 0.407885 17.3508 540.451
memoryZipfSubsetExpr 1.11
Ours 0.0901309 2.87175 15.0608
Cuckoo 0.331963 12.951 416.979
Coco 0.295988 9.70353 177.944
USS 1.60883 56.8564 5118.27
Elastic 0.438888 17.7337 556.006
memoryZipfSubsetExpr 1.14
Ours 0.107328 3.52354 21.779
Cuckoo 0.387604 15.166 514.027
Coco 0.341467 10.6286 209.248
USS 1.54802 56.7423 5134.01
Elastic 0.461641 18.3407 583.229
memoryZipfSubsetExpr 1.17
Ours 0.132418 4.25016 30.8651
Cuckoo 0.408802 17.1047 614.763
Coco 0.372466 11.6112 246.908
USS 1.53604 58.9318 5461.93
Elastic 0.443001 18.8975 614.682
memoryZipfSubsetExpr 1.2
Ours 0.147878 4.97842 41.5817
Cuckoo 0.445485 19.064 728.745
Coco 0.377827 12.2393 265.595
USS 1.77982 59.4867 5640.17
Elastic 0.428715 19.5491 646.587
memoryCAIDAErrorExpr 0.9
Ours 0.0250065 1.00341 40.4619
Cuckoo 0 0 0
Coco 0.149924 9.45795 1304.09
USS 1.40004 135.665 53209.8
Elastic 0.21567 18.9484 3039.18
memoryCAIDAErrorExpr 0.93
Ours 0.0448418 1.80311 73.3236
Cuckoo 2.17713e-05 0.00838196 5.14799
Coco 0.171912 10.9082 1449.48
USS 1.41007 139.199 56518
Elastic 0.228771 20.083 3239.12
memoryCAIDAErrorExpr 0.96
Ours 0.0678008 2.75292 112.606
Cuckoo 0.000903845 4.37373 1.50917e+06
Coco 0.195581 12.3722 1765.63
USS 1.43813 144.501 60103.6
Elastic 0.240935 21.4422 3706.29
memoryCAIDAErrorExpr 0.99
Ours 0.1007 4.1667 174.198
Cuckoo 0.0142764 134.163 7.85414e+08
Coco 0.21987 13.9105 1931.74
USS 1.45272 148.197 62951
Elastic 0.254845 22.3883 3591.55
memoryCAIDAErrorExpr 1.02
Ours 0.130271 5.46646 231.395
Cuckoo 0.0363278 700.591 5.07713e+10
Coco 0.248549 15.9141 2273.78
USS 1.45951 151.486 67447.3
Elastic 0.268249 23.4433 4025.18
memoryCAIDAErrorExpr 1.05
Ours 0.165375 7.05978 305.481
Cuckoo 0.0607073 414.929 3.52142e+09
Coco 0.273534 17.5803 2383.51
USS 1.4802 155.75 71022.9
Elastic 0.279527 24.8454 4550.46
memoryCAIDAErrorExpr 1.08
Ours 0.203441 8.85117 392.041
Cuckoo 0.0844037 466.487 2.56108e+09
Coco 0.298958 19.3632 2807.6
USS 1.48878 159.208 74463.2
Elastic 0.293867 25.9146 4347.01
memoryCAIDAErrorExpr 1.11
Ours 0.240361 10.6753 488.136
Cuckoo 0.106885 441.056 3.24855e+09
Coco 0.326356 21.3744 3085.19
USS 1.51696 163.822 78694.5
Elastic 0.304671 27.2361 5027.99
memoryCAIDAErrorExpr 1.14
Ours 0.275792 12.4282 583.706
Cuckoo 0.128884 1070.96 5.02659e+10
Coco 0.354075 23.3472 3455.91
USS 1.50922 164.954 80080.9
Elastic 0.317377 28.0316 4727.19
memoryCAIDAErrorExpr 1.17
Ours 0.316593 14.5604 719.461
Cuckoo 0.150462 1316.06 5.50261e+10
Coco 0.386099 25.5595 3838.16
USS 1.53876 171.801 90000.7
Elastic 0.328564 29.3473 5544.04
memoryCAIDAErrorExpr 1.2
Ours 0.353257 16.504 852.326
Cuckoo 0.171134 1139.1 3.32551e+10
Coco 0.413298 27.6272 4415.81
USS 1.56407 175.26 93700.2
Elastic 0.341608 30.1556 5100.98
memoryCAIDATopKExpr 1
Ours 0 0 0 1
Cuckoo 0.0171128 5700.71 4.0496e+09 0.99
Coco 1.66603e-06 0.308 17.904 1
USS 0.000736453 77.346 59173.2 1
Elastic 1.5435e-05 2.309 2354.34 1
memoryCAIDATopKExpr 1.4
Ours 6.31576e-06 0.606 48.004 1
Cuckoo 0.155952 360721 3.32392e+13 0.91
Coco 1.2414e-05 1.221 118.593 1
USS 0.00130173 135.983 168142 1
Elastic 2.50973e-05 3.318 5040.64 1
memoryCAIDATopKExpr 1.8
Ours 1.82744e-05 1.458 117.236 1
Cuckoo 0.272542 431295 1.46198e+13 0.83
Coco 6.37981e-05 4.751 3996.58 1
USS 0.00172904 195.12 253334 1
Elastic 0.000108093 11.882 17371.5 1
memoryCAIDATopKExpr 2.2
Ours 2.6209e-05 2.381 228.881 1
Cuckoo 0.349142 526314 1.66596e+13 0.779
Coco 0.000104034 7.521 8568.91 1
USS 0.00259136 279.914 495049 1
Elastic 0.000163349 24.205 169097 1
memoryCAIDATopKExpr 2.6
Ours 3.53212e-05 3.672 515.504 1
Cuckoo 0.390017 860077 1.08108e+14 0.751
Coco 0.000392022 30.117 292146 1
USS 0.00465973 461.832 1.03085e+06 1
Elastic 0.000265824 21.754 76939.5 1
memoryCAIDATopKExpr 3
Ours 4.84861e-05 4.753 835.783 1
Cuckoo 0.454178 743786 3.53707e+13 0.716
Coco 0.000112023 13.597 17974.3 1
USS 0.00544165 579.292 1.31286e+06 1
Elastic 3.93563e-05 10.359 18389.9 1
memoryCAIDATopKExpr 3.4
Ours 6.03921e-05 5.606 1151.03 1
Cuckoo 0.466474 948760 9.83541e+13 0.713
Coco 0.000243321 21.655 23000.7 1
USS 0.00829393 847.088 2.92631e+06 1
Elastic 0.000306951 22.462 64954.4 1
memoryCAIDATopKExpr 3.8
Ours 7.79664e-05 7.205 2000.3 1
Cuckoo 0.508826 1.02504e+06 1.23165e+14 0.693
Coco 0.000244508 26.328 32945.5 1
USS 0.0101939 1073.94 4.48135e+06 1
Elastic 0.000575972 41.834 263134 1
memoryCAIDATopKExpr 4.2
Ours 7.54634e-05 7.318 1447.67 1
Cuckoo 0.541695 1.01836e+06 1.13262e+14 0.679
Coco 0.000181849 23.386 23599.6 1
USS 0.0124512 1345.47 7.30565e+06 1
Elastic 0.00117241 157.232 1.82165e+06 1
memoryCAIDATopKExpr 4.6
Ours 0.000111795 11.542 3968.48 1
Cuckoo 0.564918 996427 8.73896e+13 0.648
Coco 0.000312523 29.069 24294 1
USS 0.0140611 1565.8 8.63253e+06 1
Elastic 0.000929168 88.748 795050 1
memoryCAIDATopKExpr 5
Ours 0.000126757 11.897 3462.14 1
Cuckoo 0.570844 1.07264e+06 1.23982e+14 0.66
Coco 0.000294882 32.513 41971.7 1
USS 0.0168567 1743.04 9.84348e+06 1
Elastic 0.00273484 257.162 1.06124e+07 0.999
memoryCAIDASubsetExpr 0.9
Ours 0.00526914 9.2077 411.141
Cuckoo 0 0 0
Coco 0.0348568 65.5004 11796.9
USS 0.273725 547.037 533555
Elastic 0.099081 191.132 62675.7
memoryCAIDASubsetExpr 0.93
Ours 0.00839516 15.2529 743.057
Cuckoo 5.16257e-05 0.0778 60.5284
Coco 0.0387042 72.8165 13985.8
USS 0.280436 565.146 569147
Elastic 0.104071 199.319 67316.5
memoryCAIDASubsetExpr 0.96
Ours 0.011839 21.2952 1124.79
Cuckoo 0.000780993 45.6768 1.88395e+07
Coco 0.0417783 79.6016 16126.8
USS 0.290386 582.481 611252
Elastic 0.111362 213.901 78718.6
memoryCAIDASubsetExpr 0.99
Ours 0.0157527 28.6593 1689.21
Cuckoo 0.0141489 1077.41 8.14243e+09
Coco 0.0459226 86.646 20731.8
USS 0.301989 603.062 629873
Elastic 0.116327 224.207 80877.7
memoryCAIDASubsetExpr 1.02
Ours 0.0190041 34.9558 2302.53
Cuckoo 0.0336636 1411.41 1.78212e+09
Coco 0.0488718 93.3458 19339.6
USS 0.310366 622.782 678266
Elastic 0.122228 232.782 85548.8
memoryCAIDASubsetExpr 1.05
Ours 0.022907 42.2248 3183.63
Cuckoo 0.0515221 3509.77 3.4202e+10
Coco 0.0544084 101.731 25303.3
USS 0.319004 648.982 729811
Elastic 0.128171 246.902 98485.5
memoryCAIDASubsetExpr 1.08
Ours 0.026155 47.9574 3930.49
Cuckoo 0.0729924 2849.98 4.79974e+09
Coco 0.0567542 107.895 27128.9
USS 0.323322 651.07 735290
Elastic 0.134919 261.343 105118
memoryCAIDASubsetExpr 1.11
Ours 0.0292519 54.2631 4858.93
Cuckoo 0.0901678 3635.51 9.87069e+09
Coco 0.0628151 118.23 32686.8
USS 0.343685 693.801 814288
Elastic 0.140568 274.116 122194
memoryCAIDASubsetExpr 1.14
Ours 0.0324229 60.209 5903.09
Cuckoo 0.114846 4350.72 1.09891e+10
Coco 0.0648908 122.327 33454
USS 0.345279 696.411 820856
Elastic 0.145294 279.592 119259
memoryCAIDASubsetExpr 1.17
Ours 0.0360707 66.4934 7117.21
Cuckoo 0.124325 6623.19 4.64889e+10
Coco 0.0689479 131.65 38469.6
USS 0.350006 718.669 889728
Elastic 0.152408 292.845 128793
memoryCAIDASubsetExpr 1.2
Ours 0.0392921 73.4238 8566.62
Cuckoo 0.1408 5636.38 2.46427e+10
Coco 0.0732145 141.168 45589.6
USS 0.363537 740.891 945099
Elastic 0.15675 304.041 138127
memoryWordErrorExpr 0.9
Ours 0.0585144 0.0585195 0.0585195
Cuckoo 0 0 0
Coco 0.151175 0.153144 0.156797
USS 1.39447 1.4661 2.73815
Elastic 0.215476 0.230086 0.274015
memoryWordErrorExpr 0.93
Ours 0.081513 0.0815238 0.0815238
Cuckoo 2.3211e-06 2.3211e-06 2.3211e-06
Coco 0.173913 0.176264 0.180897
USS 1.41109 1.48594 2.84805
Elastic 0.227216 0.242947 0.290111
memoryWordErrorExpr 0.96
Ours 0.107139 0.107167 0.107167
Cuckoo 0.00109011 0.00124643 0.00231877
Coco 0.199259 0.202042 0.207455
USS 1.43293 1.50928 2.97164
Elastic 0.240073 0.256015 0.302984
memoryWordErrorExpr 0.99
Ours 0.135854 0.135893 0.135902
Cuckoo 0.0136732 0.026623 21.6262
Coco 0.223602 0.226739 0.232954
USS 1.44838 1.52594 3.0708
Elastic 0.252895 0.269579 0.319808
memoryWordErrorExpr 1.02
Ours 0.166749 0.166817 0.166822
Cuckoo 0.0359263 0.0665853 49.2527
Coco 0.248899 0.252403 0.259278
USS 1.465 1.54706 3.21606
Elastic 0.266786 0.284214 0.335505
memoryWordErrorExpr 1.05
Ours 0.198172 0.198254 0.198268
Cuckoo 0.060601 0.161583 1134.09
Coco 0.277636 0.281498 0.290569
USS 1.4786 1.56373 3.36484
Elastic 0.278926 0.29749 0.352547
memoryWordErrorExpr 1.08
Ours 0.230523 0.230657 0.230703
Cuckoo 0.0842207 0.202216 898.661
Coco 0.304416 0.308573 0.320137
USS 1.49971 1.58761 3.55635
Elastic 0.291731 0.311041 0.368019
memoryWordErrorExpr 1.11
Ours 0.265447 0.265617 0.265663
Cuckoo 0.107355 0.23577 975.353
Coco 0.332056 0.336745 0.348726
USS 1.5075 1.59782 3.66274
Elastic 0.303691 0.323739 0.383322
memoryWordErrorExpr 1.14
Ours 0.299428 0.29963 0.299686
Cuckoo 0.129117 0.178645 87.1923
Coco 0.360802 0.366134 0.380404
USS 1.52091 1.61298 3.79949
Elastic 0.316456 0.337362 0.397372
memoryWordErrorExpr 1.17
Ours 0.334419 0.334716 0.334804
Cuckoo 0.150507 0.278128 639.632
Coco 0.389502 0.395095 0.412763
USS 1.53381 1.62772 3.92425
Elastic 0.329324 0.351254 0.415418
memoryWordErrorExpr 1.2
Ours 0.367892 0.368249 0.368416
Cuckoo 0.170872 0.331014 534.923
Coco 0.417482 0.423428 0.443571
USS 1.54564 1.64014 4.04354
Elastic 0.339522 0.362024 0.42856
memoryWordTopKExpr 1
Ours 4.54545e-05 0.001 0.001 1
Cuckoo 0.0129175 10.159 31727.6 0.991
Coco 0.000604241 0.017 0.039 1
USS 0.0556828 2.033 8.619 1
Elastic 0.00910825 0.213 1.467 1
memoryWordTopKExpr 1.4
Ours 0.000134862 0.005 0.005 1
Cuckoo 0.113987 110.435 1.60115e+06 0.908
Coco 0.0015911 0.038 0.062 1
USS 0.0862853 3.201 21.907 0.989
Elastic 0.0118089 0.262 1.51 1
memoryWordTopKExpr 1.8
Ours 0.00246469 0.051 0.081 1
Cuckoo 0.187447 177.628 1.8003e+06 0.85
Coco 0.00349719 0.08 0.23 1
USS 0.118042 4.218 37.176 0.981
Elastic 0.0130414 0.281 1.619 1
memoryWordTopKExpr 2.2
Ours 0.00311494 0.073 0.113 1
Cuckoo 0.222191 168.754 1.22756e+06 0.817
Coco 0.00785558 0.168 1.418 0.997
USS 0.128164 4.635 40.215 0.978
Elastic 0.0136487 0.293 1.603 1
memoryWordTopKExpr 2.6
Ours 0.00450525 0.108 0.242 1
Cuckoo 0.261781 227.464 2.56319e+06 0.79
Coco 0.00663248 0.142 0.758 0.999
USS 0.165036 5.891 65.863 0.959
Elastic 0.0118748 0.265 1.413 1
memoryWordTopKExpr 3
Ours 0.00619098 0.15 0.308 1
Cuckoo 0.279974 243.287 2.15111e+06 0.779
Coco 0.00745392 0.172 1.25 0.998
USS 0.197047 6.854 90.638 0.928
Elastic 0.0149688 0.322 1.824 1
memoryWordTopKExpr 3.4
Ours 0.00705821 0.192 0.416 1
Cuckoo 0.319552 278.352 2.65414e+06 0.749
Coco 0.0101456 0.239 1.853 0.997
USS 0.213184 7.441 103.931 0.93
Elastic 0.0150279 0.332 1.922 1
memoryWordTopKExpr 3.8
Ours 0.00769521 0.195 0.417 1
Cuckoo 0.339619 269.088 2.46708e+06 0.726
Coco 0.0165266 0.372 5.724 0.994
USS 0.244793 8.457 127.635 0.905
Elastic 0.0161816 0.35 2.11 1
memoryWordTopKExpr 4.2
Ours 0.00695396 0.213 0.481 1
Cuckoo 0.342668 331.479 3.15157e+06 0.741
Coco 0.0148538 0.312 1.694 0.998
USS 0.278339 9.659 158.811 0.89
Elastic 0.0192034 0.405 2.395 1
memoryWordTopKExpr 4.6
Ours 0.0097095 0.297 0.839 1
Cuckoo 0.363301 315.488 2.87278e+06 0.723
Coco 0.0193662 0.428 3.478 0.994
USS 0.313309 10.807 194.443 0.868
Elastic 0.0185424 0.378 2.22 1
memoryWordTopKExpr 5
Ours 0.0121288 0.402 1.43 1
Cuckoo 0.368889 338.407 3.27746e+06 0.723
Coco 0.0209765 0.485 4.553 0.994
USS 0.328366 11.786 237.89 0.858
Elastic 0.0193564 0.431 2.703 0.999
memoryWordSubsetExpr 0.9
Ours 0.042115 0.4643 0.5935
Cuckoo 0 0 0
Coco 0.0836867 0.9222 1.5838
USS 0.38043 4.2304 28.0772
Elastic 0.207427 2.3125 7.5469
memoryWordSubsetExpr 0.93
Ours 0.053824 0.5917 0.8101
Cuckoo 0 0 0
Coco 0.0903257 0.9956 1.7988
USS 0.383577 4.2524 28.2974
Elastic 0.218495 2.4334 8.237
memoryWordSubsetExpr 0.96
Ours 0.0665513 0.73 1.0912
Cuckoo 0.00109375 0.0125 0.0295
Coco 0.0985765 1.0877 2.0829
USS 0.399015 4.4144 29.8502
Elastic 0.229415 2.5547 8.9199
memoryWordSubsetExpr 0.99
Ours 0.0756538 0.8346 1.333
Cuckoo 0.0135443 0.3901 532.232
Coco 0.1036 1.1401 2.3051
USS 0.404572 4.4808 30.816
Elastic 0.239658 2.6672 9.5262
memoryWordSubsetExpr 1.02
Ours 0.0869567 0.9556 1.6512
Cuckoo 0.0354179 0.4816 67.861
Coco 0.111384 1.2279 2.5559
USS 0.410462 4.5563 31.6027
Elastic 0.25455 2.8265 10.5291
memoryWordSubsetExpr 1.05
Ours 0.097095 1.0698 2.0084
Cuckoo 0.0591632 1.4231 1901.97
Coco 0.116787 1.2892 2.8028
USS 0.421844 4.6782 33.2324
Elastic 0.267514 2.9763 11.4897
memoryWordSubsetExpr 1.08
Ours 0.103661 1.1474 2.2542
Cuckoo 0.0824275 3.4703 29728.8
Coco 0.125419 1.3834 3.2212
USS 0.427355 4.7439 35.0513
Elastic 0.279007 3.0998 12.3264
memoryWordSubsetExpr 1.11
Ours 0.113478 1.2539 2.6359
Cuckoo 0.10461 3.8217 30029.5
Coco 0.131515 1.4521 3.4971
USS 0.429641 4.7786 35.5468
Elastic 0.290913 3.2355 13.2079
memoryWordSubsetExpr 1.14
Ours 0.121782 1.3412 2.9616
Cuckoo 0.124972 1.6709 680.256
Coco 0.137613 1.519 3.8236
USS 0.442761 4.9306 37.7432
Elastic 0.301951 3.3604 14.1226
memoryWordSubsetExpr 1.17
Ours 0.129189 1.4232 3.3256
Cuckoo 0.147937 4.2662 20285.6
Coco 0.144434 1.5953 4.1473
USS 0.452553 5.0377 39.5927
Elastic 0.315302 3.5066 15.2122
memoryWordSubsetExpr 1.2
Ours 0.135025 1.4864 3.7
Cuckoo 0.166727 2.8959 3105.01
Coco 0.148869 1.6449 4.4305
USS 0.451929 5.0258 40.6188
Elastic 0.322322 3.5849 15.7511
memoryCriteoErrorExpr 0.9
Ours 0.0352682 0.408254 14.591
Cuckoo 0 0 0
Coco 0.160891 16.9689 29212.5
USS 1.41599 443.56 1.33473e+06
Elastic 0.214871 44.744 54500.2
memoryCriteoErrorExpr 0.93
Ours 0.0571183 0.777594 30.4358
Cuckoo 9.26482e-06 0.0215992 398.389
Coco 0.184273 19.6874 26053.9
USS 1.41533 465.064 1.3408e+06
Elastic 0.227313 48.0288 59508.9
memoryCriteoErrorExpr 0.96
Ours 0.0848589 1.33401 60.2811
Cuckoo 0.000998181 1.86564 35513.1
Coco 0.208066 22.6518 30178.7
USS 1.44527 486.421 1.45697e+06
Elastic 0.240325 51.8861 66573.1
memoryCriteoErrorExpr 0.99
Ours 0.113706 2.09554 106.7
Cuckoo 0.0135455 23.8537 453664
Coco 0.23706 25.9314 33396.9
USS 1.44023 506.157 1.54429e+06
Elastic 0.253478 55.2941 69095.4
memoryCriteoErrorExpr 1.02
Ours 0.147965 3.14406 185.004
Cuckoo 0.0367273 64.7723 1.27105e+06
Coco 0.268414 29.7213 38317.3
USS 1.46828 530.388 1.76451e+06
Elastic 0.266722 58.9357 75585.8
memoryCriteoErrorExpr 1.05
Ours 0.18072 4.37201 290.015
Cuckoo 0.060896 107.727 2.07488e+06
Coco 0.286449 33.1423 39447.6
USS 1.4809 552.098 1.86442e+06
Elastic 0.279012 62.3799 83351.4
memoryCriteoErrorExpr 1.08
Ours 0.215179 5.85413 430.355
Cuckoo 0.0849443 148.961 2.86345e+06
Coco 0.318538 37.5701 56952.2
USS 1.49256 572.485 2.01728e+06
Elastic 0.291451 66.0755 86608.5
memoryCriteoErrorExpr 1.11
Ours 0.252237 7.76248 650.965
Cuckoo 0.108192 190.766 3.84235e+06
Coco 0.346676 42.0836 68552
USS 1.51251 594.044 2.17296e+06
Elastic 0.3041 70.4044 93796
memoryCriteoErrorExpr 1.14
Ours 0.287633 9.82944 909.571
Cuckoo 0.130582 231.84 4.6556e+06
Coco 0.369415 46.0283 64331.5
USS 1.50898 610.74 2.16807e+06
Elastic 0.316646 74.1849 101852
memoryCriteoErrorExpr 1.17
Ours 0.324341 12.2844 1255.92
Cuckoo 0.151984 268.014 5.2114e+06
Coco 0.40505 50.9078 74823.3
USS 1.53231 632.527 2.3684e+06
Elastic 0.328499 77.8697 105916
memoryCriteoErrorExpr 1.2
Ours 0.36235 14.9152 1689.06
Cuckoo 0.172895 302.299 5.78807e+06
Coco 0.432134 55.8677 79451.6
USS 1.55372 653.122 2.50439e+06
Elastic 0.34067 81.9473 114164
memoryCriteoTopKExpr 1
Ours 1.42396e-06 0.113214 4.66666 1
Cuckoo 0.019 1715.47 1.61711e+08 0.981
Coco 0.00016244 13.7239 6661.61 1
USS 0.00593882 516.7 1.54346e+07 0.998
Elastic 7.02178e-05 5.3345 12161.7 1
memoryCriteoTopKExpr 1.4
Ours 7.67753e-06 0.7055 71.3308 1
Cuckoo 0.275303 24732.4 2.30447e+09 0.737
Coco 0.000882168 70.5821 1.28057e+06 1
USS 0.00904537 811.187 1.55077e+07 0.999
Elastic 0.000118016 9.802 22720.5 1
memoryCriteoTopKExpr 1.8
Ours 5.1622e-05 4.52457 1550.67 1
Cuckoo 0.426829 38727.2 3.66014e+09 0.598
Coco 0.00215494 174.205 5.42241e+06 0.999
USS 0.0265853 2309.07 1.1945e+08 0.985
Elastic 8.02809e-05 8.83486 14084.2 1
memoryCriteoTopKExpr 2.2
Ours 8.80045e-05 7.85321 3999.62 1
Cuckoo 0.534179 49938 5.01809e+09 0.498
Coco 0.00377655 329.749 1.5323e+07 0.998
USS 0.0325993 2813.09 1.10713e+08 0.988
Elastic 0.000615969 60.5216 1.22257e+06 1
memoryCriteoTopKExpr 2.6
Ours 0.000189484 16.7849 12255.8 1
Cuckoo 0.602082 55281.1 5.28506e+09 0.436
Coco 0.00563736 477.453 1.5568e+07 0.998
USS 0.0393844 3405.04 1.40187e+08 0.984
Elastic 0.000387461 31.2495 75148.5 1
memoryCriteoTopKExpr 3
Ours 0.000206648 17.5576 13386.7 1
Cuckoo 0.654769 60508.1 5.88034e+09 0.386
Coco 0.00669401 559.27 1.3688e+07 0.998
USS 0.0438816 4191.31 1.88228e+08 0.988
Elastic 0.00073305 57.8169 253972 1
memoryCriteoTopKExpr 3.4
Ours 0.000303604 27.1997 28017.6 1
Cuckoo 0.702813 65724.7 6.63388e+09 0.338
Coco 0.0112437 1028.97 4.7024e+07 0.996
USS 0.062355 5488.66 2.66175e+08 0.972
Elastic 0.000383188 35.9084 131686 1
memoryCriteoTopKExpr 3.8
Ours 0.000513146 45.4734 59103.2 1
Cuckoo 0.719999 67139.8 6.75767e+09 0.315
Coco 0.0137381 1178.81 4.59263e+07 0.995
USS 0.0684823 6046.15 2.59096e+08 0.973
Elastic 0.00157348 123.359 5.4207e+06 0.999
memoryCriteoTopKExpr 4.2
Ours 0.00050464 45.8359 89400.5 1
Cuckoo 0.759165 71260.7 7.14457e+09 0.275
Coco 0.0137063 1208.92 4.05558e+07 0.996
USS 0.0791521 6864.58 2.99735e+08 0.968
Elastic 0.00264058 205.666 1.19579e+07 0.998
memoryCriteoTopKExpr 4.6
Ours 0.000908585 76.3861 159130 1
Cuckoo 0.772461 71082.1 6.8964e+09 0.267
Coco 0.0177875 1509.51 5.43414e+07 0.993
USS 0.0947971 8551.93 4.64312e+08 0.955
Elastic 0.0024749 205.546 8.43472e+06 0.999
memoryCriteoTopKExpr 5
Ours 0.000948012 84.5109 169709 1
Cuckoo 0.785755 71742.9 6.96427e+09 0.252
Coco 0.0198925 1720.75 5.84379e+07 0.993
USS 0.103132 8973.34 4.20962e+08 0.956
Elastic 0.00238914 215.074 4.64404e+06 1
memoryCriteoSubsetExpr 0.9
Ours 0.000573151 4.01192 164.805
Cuckoo 0 0 0
Coco 0.0174062 139.903 172267
USS 0.239409 2098.78 1.31929e+07
Elastic 0.0523146 435.899 682968
memoryCriteoSubsetExpr 0.93
Ours 0.00100231 7.07587 391.777
Cuckoo 9.7483e-06 0.0748929 47.6519
Coco 0.0201205 159.906 168103
USS 0.260638 2217.1 1.37315e+07
Elastic 0.0562242 469.488 716174
memoryCriteoSubsetExpr 0.96
Ours 0.00167794 11.8202 689.513
Cuckoo 0.000876581 13.5093 220702
Coco 0.0225487 192.799 475491
USS 0.267454 2312.09 1.50371e+07
Elastic 0.0607605 517.286 872243
memoryCriteoSubsetExpr 0.99
Ours 0.00252606 17.73 1137.16
Cuckoo 0.0133643 239.235 4.67726e+06
Coco 0.0246467 207.27 292775
USS 0.279362 2417.75 1.50477e+07
Elastic 0.0657244 557.426 943784
memoryCriteoSubsetExpr 1.02
Ours 0.00333538 24.2041 1733.35
Cuckoo 0.0354422 604.927 1.08376e+07
Coco 0.0290739 233.887 372826
USS 0.292588 2553.95 1.70952e+07
Elastic 0.0691784 585.951 1.01992e+06
memoryCriteoSubsetExpr 1.05
Ours 0.00448451 33.1982 2929.39
Cuckoo 0.0608998 1098.57 2.46847e+07
Coco 0.0296336 245.545 349079
USS 0.303646 2591.11 1.63238e+07
Elastic 0.0737082 626.095 1.10623e+06
memoryCriteoSubsetExpr 1.08
Ours 0.00587314 42.9546 4457.1
Cuckoo 0.083475 1456.91 2.72265e+07
Coco 0.0329608 274.907 496304
USS 0.303593 2671.13 1.69344e+07
Elastic 0.0763256 656.42 1.20651e+06
memoryCriteoSubsetExpr 1.11
Ours 0.00734576 54.5104 6494.49
Cuckoo 0.105691 1840.96 4.09008e+07
Coco 0.0361784 308.96 766257
USS 0.321169 2844.5 2.19358e+07
Elastic 0.0835882 718.383 1.53702e+06
memoryCriteoSubsetExpr 1.14
Ours 0.00892926 66.1165 9004.34
Cuckoo 0.132815 2293.16 4.71288e+07
Coco 0.0377731 319.037 423287
USS 0.335533 2959.64 2.19942e+07
Elastic 0.0871894 753.478 1.49298e+06
memoryCriteoSubsetExpr 1.17
Ours 0.0108084 80.3704 12440.9
Cuckoo 0.153602 2676.87 5.71017e+07
Coco 0.0424538 351.662 641901
USS 0.343713 3036.81 2.36683e+07
Elastic 0.0918502 784.121 1.54075e+06
memoryCriteoSubsetExpr 1.2
Ours 0.0126151 94.1655 16807.6
Cuckoo 0.176124 3127.54 6.907e+07
Coco 0.0463187 394.685 948420
USS 0.36047 3165.47 2.5671e+07
Elastic 0.0954271 819.827 1.71997e+06
ratioZipfErrorExpr 0
Ours 0.840222 1.80558 11.8587
Cuckoo 0.779402 5.04745 257.729
Coco 5.51797 3.8368 51.5942
USS 13.7517 33.6259 2862.85
Elastic 0.582878 4.02597 73.0269
ratioZipfErrorExpr 0.1
Ours 0.824835 1.5347 8.88923
Cuckoo 0.698016 3.66325 88.0027
Coco 1.30081 3.38725 43.5694
USS 7.10199 26.7869 1642.75
Elastic 0.582569 3.61815 61.0668
ratioZipfErrorExpr 0.2
Ours 0.764576 1.33801 7.11193
Cuckoo 0.51939 3.17767 70.3592
Coco 1.61863 3.04413 37.6595
USS 8.46033 22.9057 1145.5
Elastic 0.550622 3.32361 53.588
ratioZipfErrorExpr 0.3
Ours 0.623714 1.1813 5.81805
Cuckoo 0.402276 2.84098 60.471
Coco 1.04142 2.74994 33.0329
USS 5.40569 20.1887 861.699
Elastic 0.465438 3.08306 48.091
ratioZipfErrorExpr 0.4
Ours 0.537967 1.0562 4.89552
Cuckoo 0.362797 2.59651 54.3324
Coco 0.794345 2.52358 29.6411
USS 5.95221 18.1145 679.17
Elastic 0.531843 2.87989 43.766
ratioZipfErrorExpr 0.5
Ours 0.528813 0.946709 4.1047
Cuckoo 0.327052 2.38506 49.3298
Coco 0.735373 2.31603 26.5665
USS 3.94813 16.5298 557.08
Elastic 0.480438 2.7062 40.3286
ratioZipfErrorExpr 0.6
Ours 0.553671 0.856855 3.5319
Cuckoo 0.313842 2.21493 45.1909
Coco 0.678581 2.14328 24.098
USS 3.42006 15.2302 467.606
Elastic 0.44163 2.54685 37.0819
ratioZipfErrorExpr 0.7
Ours 0.464161 0.77916 3.05049
Cuckoo 0.23344 2.05577 41.7641
Coco 0.604034 1.9801 21.7263
USS 3.66437 14.0013 391.675
Elastic 0.390434 2.41671 34.7693
ratioZipfErrorExpr 0.8
Ours 0.388562 0.711192 2.64775
Cuckoo 0.323777 1.92133 38.5377
Coco 0.655663 1.85812 20.3386
USS 2.84798 13.0705 339.905
Elastic 0.406255 2.29782 32.6067
ratioZipfErrorExpr 0.9
Ours 0.364896 0.653168 2.32612
Cuckoo 0.189861 1.81125 36.1916
Coco 0.683423 1.72621 18.582
USS 1.84313 12.2141 296.134
Elastic 0.354062 2.17956 30.5342
ratioZipfErrorExpr 1
Ours 0.348303 0.609491 2.09744
Cuckoo 0.170802 1.70623 34.0412
Coco 0.390091 1.61643 17.0589
USS 1.56263 11.4706 261.389
Elastic 0.339465 2.08049 28.6906
skewZipfErrorExpr 0
Ours 1.12753 1.41982 7.94088
Cuckoo 0.776629 3.56288 83.5988
Coco 8.12081 2.97986 41.4358
USS 5.93404 20.2562 866.855
Elastic 0.525059 3.29993 56.6142
skewZipfErrorExpr 1
Ours 1.34521 1.42169 7.95503
Cuckoo 0.839042 3.55905 83.4499
Coco 1.00184 2.9794 41.3984
USS 4.99908 20.2184 861.797
Elastic 0.88696 3.30299 56.7255
skewZipfErrorExpr 2
Ours 0.800125 1.41032 7.83094
Cuckoo 0.623069 3.53532 82.8997
Coco 1.11224 2.98116 41.366
USS 5.94229 20.1616 857.003
Elastic 0.541108 3.29026 56.0723
skewZipfErrorExpr 3
Ours 0.791733 1.40081 7.73288
Cuckoo 0.55287 3.50428 81.8597
Coco 1.17024 2.97289 41.28
USS 4.83013 20.0744 848.504
Elastic 0.499717 3.27589 55.672
skewZipfErrorExpr 4
Ours 0.77074 1.37722 7.49938
Cuckoo 0.508751 3.44749 79.8428
Coco 1.0068 2.96055 40.9784
USS 4.91696 19.9437 835.314
Elastic 0.552966 3.25853 54.9073
skewZipfErrorExpr 5
Ours 0.931595 1.34903 7.26008
Cuckoo 0.799236 3.36103 76.7665
Coco 1.11509 2.93685 40.3557
USS 6.55139 19.8114 823.429
Elastic 0.49727 3.23294 54.3157
skewZipfErrorExpr 6
Ours 1.06059 1.28083 6.64809
Cuckoo 0.634145 3.21477 72.4245
Coco 1.82281 2.8662 38.8174
USS 9.01187 19.394 785.745
Elastic 0.524868 3.16478 52.2069
skewZipfErrorExpr 7
Ours 0.609421 1.19093 5.90863
Cuckoo 0.522257 3.01161 66.2091
Coco 1.11182 2.74323 35.6603
USS 11.6509 18.7758 732.037
Elastic 0.472722 3.06862 49.5176
skewZipfErrorExpr 8
Ours 0.596792 1.08075 5.0559
Cuckoo 0.412678 2.71635 57.9108
Coco 1.06346 2.54908 31.3941
USS 7.16338 17.8245 653.763
Elastic 0.455984 2.91405 45.5304
skewZipfErrorExpr 9
Ours 0.521236 0.949344 4.13473
Cuckoo 0.327052 2.38506 49.3298
Coco 0.735373 2.31603 26.5665
USS 3.94813 16.5298 557.08
Elastic 0.480438 2.7062 40.3286
skewZipfErrorExpr 10
Ours 0.443331 0.844702 3.46015
Cuckoo 0.293305 2.11629 42.068
Coco 0.651414 2.09278 22.198
USS 4.06903 15.1579 463.674
Elastic 0.392648 2.48091 34.8082
param_D_ZipfErrorExpr 1
Error 0.885765 3.42507 57.6194 3.44824
TopK 0.280355 22.6659 1735.94 0.794 11.5434
Subset 0.557108 19.9449 692.1 3.75521
param_D_ZipfErrorExpr 2
Error 0.662635 1.52133 9.87676 2.57742
TopK 0.0177517 1.40083 44.2075 0.997 12.4933
Subset 0.255786 7.4506 93.4946 2.57431
param_D_ZipfErrorExpr 3
Error 0.513593 1.12121 5.64834 2.27808
TopK 0.0138822 1.0936 23.1569 1 12.9852
Subset 0.190168 5.7111 54.2873 2.27078
param_D_ZipfErrorExpr 4
Error 0.521236 0.949344 4.13473 2.14211
TopK 0.0159569 1.22038 41.2275 0.996 13.3731
Subset 0.174464 4.92664 40.5008 2.14232
param_D_ZipfErrorExpr 5
Error 0.54002 0.855896 3.39504 2.06255
TopK 0.0145215 1.13705 31.5247 0.999 13.6999
Subset 0.134602 4.48559 33.673 2.06102
param_D_ZipfErrorExpr 6
Error 0.469304 0.803046 3.00433 2.0184
TopK 0.0138014 1.08025 32.6631 0.998 13.9367
Subset 0.139513 4.21417 29.9006 2.00908
param_D_ZipfErrorExpr 7
Error 0.488389 0.763767 2.72214 1.9833
TopK 0.0146846 1.13941 35.6105 0.997 14.1829
Subset 0.126006 4.0094 26.7585 1.98658
param_D_ZipfErrorExpr 8
Error 0.492938 0.737932 2.53219 1.96423
TopK 0.0141235 1.10015 35.7442 0.997 14.3718
Subset 0.121773 3.92987 25.9169 1.96212
param_D_ZipfErrorExpr 9
Error 0.42266 0.718416 2.39638 1.94911
TopK 0.0143218 1.12359 43.688 0.996 14.5432
Subset 0.125685 3.76395 24.0886 1.94836
param_D_ZipfErrorExpr 10
Error 0.430502 0.705918 2.30973 1.94138
TopK 0.0139596 1.07299 39.7403 0.995 14.6897
Subset 0.107218 3.68771 22.6992 1.93879
param_D_ZipfErrorExpr 11
Error 0.44762 0.693862 2.22983 1.92856
TopK 0.0129562 1.0138 27.2819 0.999 14.8244
Subset 0.123887 3.67073 22.2049 1.93357
param_M_ZipfErrorExpr 0
Error 0.681424 2.13559 23.0399 0
TopK 0.0785827 6.17429 316.253 0.972 0
Subset 0.376721 11.3899 226.193 0
param_M_ZipfErrorExpr 2
Error 0.649755 1.24991 7.48863 0.0892877
TopK 0.0178602 1.38478 47.4136 0.996 0.564515
Subset 0.222645 6.6571 75.5155 0.0893787
param_M_ZipfErrorExpr 4
Error 0.606798 1.08597 5.56563 0.17844
TopK 0.0138717 1.10795 42.622 0.996 1.14
Subset 0.207143 5.72825 55.7484 0.179077
param_M_ZipfErrorExpr 6
Error 0.487558 1.0328 4.97845 0.266861
TopK 0.0161501 1.27341 38.0202 0.999 1.70023
Subset 0.176878 5.45256 49.67 0.266889
param_M_ZipfErrorExpr 8
Error 0.542556 1.00553 4.69548 0.352091
TopK 0.0148694 1.14489 31.1325 0.998 2.24184
Subset 0.169263 5.32225 47.799 0.352072
param_M_ZipfErrorExpr 10
Error 0.485681 0.988167 4.51644 0.434167
TopK 0.0160574 1.2401 40.1348 0.997 2.76192
Subset 0.153971 5.15436 44.7873 0.435232
param_M_ZipfErrorExpr 12
Error 0.547764 0.97974 4.42948 0.514177
TopK 0.0113259 0.898485 20.3139 1 3.25977
Subset 0.166445 5.15134 44.566 0.513556
param_M_ZipfErrorExpr 14
Error 0.510898 0.972135 4.36373 0.590273
TopK 0.0159284 1.24509 35.984 0.998 3.74539
Subset 0.171678 5.0693 42.8542 0.591243
param_M_ZipfErrorExpr 16
Error 0.496024 0.965101 4.29068 0.663427
TopK 0.0136521 1.05806 27.1734 0.999 4.2113
Subset 0.1659 5.10804 43.4611 0.666312
param_M_ZipfErrorExpr 18
Error 0.463273 0.962811 4.25864 0.736217
TopK 0.0153588 1.21233 35.5862 0.999 4.65085
Subset 0.156467 5.10368 43.4589 0.734483
param_M_ZipfErrorExpr 20
Error 0.50954 0.960351 4.24542 0.80275
TopK 0.0161265 1.24596 39.2749 0.997 5.07428
Subset 0.173794 5.0097 41.6073 0.80272
param_E_ZipfErrorExpr 0
Error 0.488422 0.930812 3.92176 4.70294
TopK 0.0128337 1.00587 24.8141 0.999 30.3201
Subset 0.154319 4.80039 37.7725 4.72536
param_E_ZipfErrorExpr 0.05
Error 0.482083 0.964997 4.33945 1.03699
TopK 0.0158675 1.23864 37.8372 0.997 6.27475
Subset 0.154832 5.02196 42.3413 1.0394
param_E_ZipfErrorExpr 0.1
Error 0.525537 0.997724 4.69359 0.558647
TopK 0.0159484 1.23864 38.2785 0.998 3.24363
Subset 0.168492 5.27389 46.5736 0.560645
param_E_ZipfErrorExpr 0.15
Error 0.537422 1.02259 4.95896 0.395486
TopK 0.0176433 1.37101 46.7936 0.997 2.21458
Subset 0.194867 5.35357 48.8515 0.39572
param_E_ZipfErrorExpr 0.2
Error 0.58503 1.04388 5.20832 0.310659
TopK 0.0132738 1.02439 24.8634 0.999 1.69036
Subset 0.159634 5.49568 51.1208 0.312227
param_E_ZipfErrorExpr 0.25
Error 0.493012 1.06238 5.42333 0.259352
TopK 0.0170026 1.30683 42.5045 0.996 1.37747
Subset 0.168578 5.69983 55.2696 0.26042
param_E_ZipfErrorExpr 0.3
Error 0.499622 1.08201 5.64465 0.22569
TopK 0.0158456 1.21591 39.4207 0.996 1.1657
Subset 0.180353 5.73818 55.5634 0.225663
param_E_ZipfErrorExpr 0.35
Error 0.522734 1.10288 5.88555 0.200713
TopK 0.014275 1.10806 33.0853 0.999 1.01384
Subset 0.222368 5.8885 58.121 0.201489
param_E_ZipfErrorExpr 0.4
Error 0.609062 1.11932 6.06437 0.181669
TopK 0.0148018 1.14328 25.2574 1 0.899937
Subset 0.197487 6.00097 61.2127 0.181371
param_E_ZipfErrorExpr 0.45
Error 0.503638 1.12672 6.18521 0.16602
TopK 0.018229 1.39712 54.1956 0.995 0.809201
Subset 0.220468 6.10073 63.7715 0.16715
param_E_ZipfErrorExpr 0.5
Error 0.612355 1.14329 6.37299 0.154397
TopK 0.0185785 1.43211 51.1315 0.995 0.738241
Subset 0.211051 6.12441 63.8853 0.154761
memoryCompressErrorExpr 1
Shrink1 0.110289 0.103686 0.201543 1.00231 5.1165 56.695
Shrink2 0.110289 0.103686 0.201543 1.04802 5.64919 73.5968 27.6216
Shrink3 0.110289 0.103686 0.201543 1.0334 5.85906 96.991 31.651
Shrink4 0.110289 0.103686 0.201543 1.01124 5.78667 67.1238 28.2354
memoryCompressErrorExpr 1.1
Shrink1 0.268673 0.42068 1.29759 1.12218 6.16199 77.3431
Shrink2 0.268673 0.42068 1.29759 1.11943 6.60273 93.1165 27.6438
Shrink3 0.268673 0.42068 1.29759 1.14308 6.8007 118.889 32.5926
Shrink4 0.268673 0.42068 1.29759 1.12249 6.73473 84.9506 28.5642
memoryCompressErrorExpr 1.2
Shrink1 0.521236 0.949344 4.13473 1.255 7.15843 100.428
Shrink2 0.521236 0.949344 4.13473 1.348 7.54884 115.863 26.3035
Shrink3 0.521236 0.949344 4.13473 1.31204 7.71134 144.796 31.4606
Shrink4 0.521236 0.949344 4.13473 1.32863 7.67275 106.072 27.1589
memoryCompressErrorExpr 1.3
Shrink1 0.879321 1.59891 8.95162 1.89527 8.11255 125.901
Shrink2 0.879321 1.59891 8.95162 1.40623 8.45838 140.79 26.763
Shrink3 0.879321 1.59891 8.95162 1.51005 8.62261 176.759 32.2459
Shrink4 0.879321 1.59891 8.95162 1.46773 8.56256 129.091 27.5174
memoryCompressErrorExpr 1.4
Shrink1 1.00312 2.33427 15.9301 1.57497 9.02216 153.758
Shrink2 1.00312 2.33427 15.9301 1.73147 9.32993 168.32 26.4732
Shrink3 1.00312 2.33427 15.9301 1.76218 9.46036 205.772 31.9673
Shrink4 1.00312 2.33427 15.9301 1.66901 9.43342 155.285 27.122
memoryCompressErrorExpr 1.5
Shrink1 1.29004 3.1082 24.8923 2.15173 9.89146 183.954
Shrink2 1.29004 3.1082 24.8923 1.69482 10.1674 198.004 25.9668
Shrink3 1.29004 3.1082 24.8923 2.67701 10.2788 239.65 31.3385
Shrink4 1.29004 3.1082 24.8923 1.79726 10.2526 183.413 26.5012
memoryCompressErrorExpr 1.6
Shrink1 1.41256 3.88383 35.5689 1.9914 10.6856 215.176
Shrink2 1.41256 3.88383 35.5689 2.08406 10.9421 229.274 26.031
Shrink3 1.41256 3.88383 35.5689 1.93802 11.0658 277.905 31.3688
Shrink4 1.41256 3.88383 35.5689 2.10719 10.9991 212.517 26.5024
memoryCompressErrorExpr 1.7
Shrink1 1.66741 4.64676 47.7627 2.09534 11.4236 247.965
Shrink2 1.66741 4.64676 47.7627 2.31058 11.6441 260.863 26.1142
Shrink3 1.66741 4.64676 47.7627 2.08788 11.7689 316.679 31.442
Shrink4 1.66741 4.64676 47.7627 2.13962 11.7207 244.026 26.3739
memoryCompressErrorExpr 1.8
Shrink1 1.80186 5.42779 61.926 2.33797 12.1461 283.684
Shrink2 1.80186 5.42779 61.926 2.314 12.3781 297.688 25.5384
Shrink3 1.80186 5.42779 61.926 2.30182 12.4701 357.693 30.7043
Shrink4 1.80186 5.42779 61.926 2.11976 12.4226 278.54 25.8087
memoryCompressErrorExpr 1.9
Shrink1 2.95537 6.16467 77.0081 3.14884 12.807 320.26
Shrink2 2.95537 6.16467 77.0081 4.45211 13.0103 333.248 25.3284
Shrink3 2.95537 6.16467 77.0081 2.70838 13.0537 393.2 30.3225
Shrink4 2.95537 6.16467 77.0081 4.09935 13.0558 313.176 25.5927
memoryCompressErrorExpr 2
Shrink1 2.80216 6.882 93.1953 2.68584 13.4263 358.032
Shrink2 2.80216 6.882 93.1953 2.63859 13.6284 371.492 25.8474
Shrink3 2.80216 6.882 93.1953 3.16826 13.6539 441.484 30.9352
Shrink4 2.80216 6.882 93.1953 2.98092 13.6573 349.56 26.0749
memoryCompressTopKExpr 2
Shrink1 0.00262425 0.204424 2.24718 1 0.00262425 0.204424 2.24718 1
Shrink2 0.00262425 0.204424 2.24718 1 0.00262425 0.204424 2.24718 1 25.2336
Shrink3 0.00262425 0.204424 2.24718 1 0.0705403 5.58367 365.999 0.966 30.1622
Shrink4 0.00262425 0.204424 2.24718 1 0.00633766 0.480824 19.0321 0.997 25.4044
memoryCompressTopKExpr 2.2
Shrink1 0.00475703 0.377465 5.8841 1 0.00444588 0.353407 5.11667 1
Shrink2 0.00475703 0.377465 5.8841 1 0.00475703 0.377465 5.8841 1 24.7576
Shrink3 0.00475703 0.377465 5.8841 1 0.103022 8.11787 532.544 0.945 29.4987
Shrink4 0.00475703 0.377465 5.8841 1 0.0128003 0.969589 37.9009 0.994 24.5769
memoryCompressTopKExpr 2.4
Shrink1 0.00625395 0.480448 11.7578 0.999 0.00625395 0.480448 11.7578 0.999
Shrink2 0.00625395 0.480448 11.7578 0.999 0.00856999 0.651523 24.9577 0.998 24.7013
Shrink3 0.00625395 0.480448 11.7578 0.999 0.143371 11.2358 1431.98 0.935 29.3941
Shrink4 0.00625395 0.480448 11.7578 0.999 0.0261995 1.98012 78.7197 0.988 24.8112
memoryCompressTopKExpr 2.6
Shrink1 0.00985459 0.768721 20.5663 0.999 0.0105228 0.811831 23.6893 0.998
Shrink2 0.00985459 0.768721 20.5663 0.999 0.0132838 1.02381 42.6084 0.995 24.8203
Shrink3 0.00985459 0.768721 20.5663 0.999 0.147553 11.6224 783.11 0.918 29.6063
Shrink4 0.00985459 0.768721 20.5663 0.999 0.0704426 5.37875 252.061 0.961 24.905
memoryCompressTopKExpr 2.8
Shrink1 0.010887 0.838684 18.9143 0.999 0.0143231 1.09615 36.2202 0.996
Shrink2 0.010887 0.838684 18.9143 0.999 0.0240723 1.82637 87.9368 0.992 24.5005
Shrink3 0.010887 0.838684 18.9143 0.999 0.189735 15.0621 1088.07 0.908 28.9249
Shrink4 0.010887 0.838684 18.9143 0.999 0.111422 8.51611 344.739 0.951 24.4751
memoryCompressTopKExpr 3
Shrink1 0.0159569 1.22038 41.2275 0.996 0.0327399 2.47027 118.96 0.984
Shrink2 0.0159569 1.22038 41.2275 0.996 0.0632404 4.7323 273.26 0.972 24.3024
Shrink3 0.0159569 1.22038 41.2275 0.996 0.234251 18.5205 1245.58 0.881 28.7547
Shrink4 0.0159569 1.22038 41.2275 0.996 0.200936 15.4229 737.849 0.893 24.27
memoryCompressTopKExpr 3.2
Shrink1 0.01961 1.52904 54.8607 0.994 0.0534301 4.10162 212.098 0.975
Shrink2 0.01961 1.52904 54.8607 0.994 0.128831 9.81276 609.242 0.941 24.3728
Shrink3 0.01961 1.52904 54.8607 0.994 0.311902 24.8868 1927.63 0.854 28.8254
Shrink4 0.01961 1.52904 54.8607 0.994 0.258238 20.0867 951.964 0.877 24.3562
memoryCompressTopKExpr 3.4
Shrink1 0.0221551 1.71814 62.925 0.997 0.0883052 6.72971 359.56 0.959
Shrink2 0.0221551 1.71814 62.925 0.997 0.20711 16.0605 1079.36 0.895 23.7839
Shrink3 0.0221551 1.71814 62.925 0.997 0.371708 29.656 2350.11 0.818 27.9837
Shrink4 0.0221551 1.71814 62.925 0.997 0.364648 28.5566 1487.03 0.809 23.8029
memoryCompressTopKExpr 3.6
Shrink1 0.028104 2.16487 73.5277 0.994 0.134029 10.2297 586.221 0.933
Shrink2 0.028104 2.16487 73.5277 0.994 0.301746 23.4835 1612.08 0.845 23.637
Shrink3 0.028104 2.16487 73.5277 0.994 0.442323 35.0648 2700.8 0.777 27.9239
Shrink4 0.028104 2.16487 73.5277 0.994 0.401848 31.461 1581.18 0.817 23.649
memoryCompressTopKExpr 3.8
Shrink1 0.0375437 2.91103 116.184 0.988 0.172037 13.2398 760.161 0.926
Shrink2 0.0375437 2.91103 116.184 0.988 0.372991 29.1383 2061.29 0.81 23.5714
Shrink3 0.0375437 2.91103 116.184 0.988 0.468692 37.4257 2985.54 0.762 27.7997
Shrink4 0.0375437 2.91103 116.184 0.988 0.506479 39.976 2270.41 0.735 23.5575
memoryCompressTopKExpr 4
Shrink1 0.0423459 3.30181 159.378 0.989 0.269111 20.7712 1304.36 0.874
Shrink2 0.0423459 3.30181 159.378 0.989 0.443915 34.5961 2498.78 0.765 23.4774
Shrink3 0.0423459 3.30181 159.378 0.989 0.530703 42.1324 3492.8 0.717 27.7502
Shrink4 0.0423459 3.30181 159.378 0.989 0.569561 45.0218 2682.53 0.703 23.4596
